0;
1;
1;
2;
2;
3;
3;
4;
5;
5;
5;
8;
8;
10;
14;
14;
14;
16;
18;
20;
20;
22;
23;
24;
26;
28;
31;
34;
35;
38;
38;
39;
39;
40;
41;
43;
43;
43;
44;
44;
45;
50;
51;
51;
53;
53;
54;
55;
56;
56;
57;
57;
57;
59;
60;
60;
60;
61;
62;
65;
65;
65;
70;
71;
72;
74;
74;
75;
75;
76;
80;
81;
82;
84;
85;
86;
86;
88;
91;
92;
92;
92;
93;
93;
95;
95;
99;
100;
100;
102;
102;
103;
103;
104;
104;
104;
105;
106;
106;
106;
107;
109;
110;
110;
110;
110;
110;
113;
114;
115;
116;
116;
117;
117;
117;
119;
120;
120;
121;
122;
123;
124;
125;
126;
127;
128;
129;
129;
129;
130;
135;
138;
138;
139;
141;
141;
145;
145;
146;
148;
151;
152;
152;
152;
153;
153;
154;
155;
157;
157;
157;
159;
159;
161;
164;
164;
164;
168;
168;
169;
169;
169;
169;
169;
169;
169;
170;
171;
172;
173;
173;
175;
176;
176;
177;
177;
177;
179;
180;
181;
182;
183;
184;
185;
186;
186;
187;
187;
188;
188;
188;
189;
189;
189;
191;
191;
195;
195;
195;
196;
197;
197;
198;
201;
201;
202;
203;
203;
204;
206;
206;
208;
210;
214;
217;
218;
219;
220;
220;
220;
221;
222;
224;
227;
230;
230;
231;
231;
231;
232;
233;
233;
233;
234;
234;
237;
238;
238;
238;
239;
240;
240;
241;
241;
241;
241;
242;
243;
244;
248;
250;
250;
253;
253;
254;
254;
256;
256;
257;
259;
261;
265;
265;
267;
267;
269;
269;
270;
272;
273;
274;
275;
279;
279;
282;
282;
282;
282;
283;
284;
285;
287;
288;
288;
288;
291;
295;
296;
296;
296;
298;
299;
300;
302;
302;
303;
303;
306;
307;
308;
308;
308;
308;
309;
309;
312;
313;
314;
315;
315;
316;
316;
317;
318;
319;
321;
321;
321;
322;
323;
324;
324;
328;
330;
331;
332;
334;
335;
336;
336;
339;
340;
342;
342;
342;
342;
344;
345;
345;
345;
347;
347;
347;
347;
350;
351;
353;
354;
355;
356;
356;
357;
359;
360;
361;
363;
364;
367;
367;
368;
370;
371;
371;
373;
375;
377;
381;
382;
383;
383;
384;
385;
385;
387;
387;
387;
398;
399;
399;
399;
400;
402;
403;
404;
404;
407;
408;
408;
410;
411;
413;
416;
416;
416;
418;
419;
420;
420;
422;
422;
423;
426;
428;
428;
433;
434;
436;
439;
439;
443;
443;
443;
444;
446;
446;
446;
447;
447;
448;
448;
449;
450;
451;
452;
453;
453;
453;
453;
455;
456;
458;
459;
461;
461;
463;
464;
466;
467;
468;
468;
469;
475;
475;
476;
476;
476;
478;
478;
478;
479;
479;
483;
483;
485;
486;
487;
489;
492;
493;
493;
493;
493;
494;
495;
496;
496;
497;
498;
498;
501;
501;
503;
503;
506;
508;
509;
509;
509;
511;
512;
513;
515;
515;
516;
516;
519;
520;
523;
524;
524;
524;
526;
527;
528;
529;
532;
533;
534;
534;
534;
535;
535;
537;
538;
539;
539;
543;
543;
544;
546;
547;
548;
552;
553;
554;
554;
555;
558;
559;
559;
560;
561;
562;
563;
564;
564;
565;
565;
565;
569;
569;
569;
575;
575;
576;
577;
577;
579;
579;
579;
581;
581;
582;
583;
583;
584;
585;
586;
587;
588;
589;
589;
589;
592;
593;
593;
597;
598;
598;
598;
600;
600;
600;
601;
601;
601;
601;
604;
605;
605;
607;
613;
614;
615;
615;
616;
616;
617;
617;
618;
619;
620;
621;
622;
622;
622;
623;
625;
625;
625;
627;
627;
629;
629;
630;
633;
635;
635;
636;
637;
638;
639;
639;
640;
640;
643;
644;
645;
646;
649;
649;
650;
651;
652;
654;
655;
656;
656;
658;
659;
661;
662;
662;
664;
664;
664;
665;
666;
667;
667;
667;
667;
669;
669;
669;
670;
670;
670;
672;
672;
672;
673;
674;
674;
675;
676;
677;
677;
680;
680;
680;
680;
681;
681;
681;
684;
685;
685;
685;
687;
689;
689;
690;
690;
690;
691;
691;
692;
692;
692;
693;
694;
694;
695;
695;
695;
695;
700;
701;
701;
702;
702;
704;
704;
704;
707;
708;
709;
709;
710;
710;
710;
711;
712;
712;
712;
714;
715;
716;
717;
719;
720;
723;
725;
725;
726;
726;
726;
727;
727;
728;
729;
729;
730;
730;
732;
733;
733;
734;
735;
735;
735;
735;
737;
738;
740;
740;
742;
742;
742;
744;
744;
744;
745;
748;
750;
751;
751;
752;
752;
752;
753;
754;
756;
756;
757;
758;
761;
761;
761;
763;
763;
765;
766;
770;
770;
770;
771;
772;
777;
778;
780;
780;
783;
784;
785;
785;
786;
787;
788;
788;
791;
791;
792;
792;
793;
793;
794;
796;
797;
798;
799;
799;
800;
802;
803;
804;
805;
806;
807;
809;
810;
814;
817;
817;
817;
818;
818;
819;
819;
820;
821;
823;
825;
826;
827;
827;
827;
832;
832;
833;
833;
834;
834;
835;
837;
837;
838;
839;
839;
842;
842;
842;
847;
848;
848;
849;
849;
849;
850;
850;
850;
850;
851;
851;
855;
856;
858;
858;
858;
859;
859;
859;
859;
861;
862;
862;
862;
863;
865;
867;
867;
868;
870;
871;
872;
873;
877;
877;
878;
878;
879;
880;
880;
882;
884;
885;
885;
887;
887;
889;
890;
890;
892;
892;
893;
894;
895;
896;
896;
899;
900;
901;
902;
902;
903;
904;
905;
909;
909;
909;
911;
911;
911;
911;
915;
915;
917;
920;
920;
922;
923;
923;
923;
924;
925;
925;
926;
927;
928;
932;
933;
933;
934;
935;
935;
937;
937;
937;
938;
940;
940;
941;
941;
941;
943;
943;
944;
945;
945;
946;
947;
947;
947;
948;
950;
951;
951;
952;
954;
959;
959;
962;
963;
963;
966;
969;
973;
975;
975;
976;
976;
976;
978;
980;
980;
980;
980;
981;
981;
982;
982;
982;
983;
986;
987;
989;
989;
990;
990;
991;
991;
992;
992;
994;
994;
995;
997;
998;
998;
999;
1000;
1000;
1001;
1002;
1003;
1004;
1004;
1005;
1008;
1008;
1009;
1009;
1009;
1010;
1010;
1010;
1011;
1012;
1012;
1012;
1013;
1014;
1014;
1014;
1014;
1016;
1018;
1018;
1019;
1019;
1020;
1021;
1021;
1022;
1023;
1025;
1026;
1026;
1027;
1030;
1030;
1030;
1030;
1032;
1033;
1033;
1034;
1034;
1035;
1035;
1036;
1037;
1039;
1040;
1040;
1040;
1040;
1040;
1041;
1042;
1044;
1044;
1047;
1047;
1048;
1049;
1049;
1050;
1051;
1051;
1052;
1052;
1055;
1055;
1057;
1057;
1059;
1060;
1061;
1061;
1061;
1062;
1062;
1064;
1065;
1065;
1067;
1068;
1069;
1070;
1073;
1074;
1076;
1077;
1077;
1078;
1079;
1079;
1079;
1079;
1082;
1085;
1087;
1087;
1088;
1089;
1090;
1090;
1092;
1092;
1093;
1094;
1094;
1094;
1095;
1097;
1098;
1098;
1099;
1099;
1100;
1100;
1100;
1101;
1102;
1102;
1103;
1105;
1106;
1106;
1108;
1108;
1108;
1109;
1110;
1114;
1116;
1116;
1118;
1118;
1121;
1121;
1121;
1122;
1122;
1123;
1123;
1123;
1124;
1126;
1126;
1127;
1127;
1127;
1127;
1128;
1131;
1131;
1134;
1134;
1135;
1135;
1139;
1141;
1142;
1142;
1143;
1144;
1144;
1146;
1146;
1149;
1149;
1150;
1151;
1153;
1153;
1153;
1154;
1155;
1156;
1157;
1158;
1164;
1164;
1165;
1165;
1166;
1167;
1168;
1169;
1169;
1171;
1172;
1173;
1173;
1175;
1176;
1176;
1177;
1180;
1181;
1181;
1183;
1184;
1184;
1184;
1185;
1187;
1187;
1188;
1189;
1190;
1190;
1190;
1192;
1192;
1193;
1194;
1196;
1197;
1197;
1197;
1200;
1200;
1201;
1201;
1203;
1204;
1205;
1208;
1211;
1211;
1212;
1213;
1213;
1214;
1214;
1214;
1215;
1216;
1217;
1218;
1219;
1219;
1223;
1223;
1223;
1224;
1225;
1226;
1227;
1227;
1228;
1229;
1229;
1230;
1231;
1235;
1236;
1237;
1237;
1238;
1238;
1239;
1243;
1245;
1249;
1252;
1252;
1254;
1255;
1256;
1257;
1260;
1261;
1262;
1263;
1264;
1265;
1265;
1266;
1266;
1267;
1271;
1272;
1273;
1274;
1274;
1276;
1276;
1277;
1278;
1278;
1279;
1279;
1279;
1279;
1280;
1281;
1282;
1282;
1283;
1285;
1285;
1286;
1286;
1288;
1291;
1292;
1293;
1293;
1294;
1296;
1296;
1297;
1298;
1299;
1302;
1303;
1303;
1307;
1308;
1309;
1309;
1310;
1311;
1311;
1312;
1315;
1315;
1316;
1317;
1317;
1318;
1320;
1322;
1325;
1325;
1326;
1326;
1327;
1328;
1330;
1331;
1333;
1335;
1336;
1336;
1342;
1343;
1343;
1344;
1345;
1346;
1346;
1347;
1348;
1348;
1348;
1349;
1349;
1349;
1350;
1352;
1353;
1356;
1356;
1359;
1361;
1362;
1362;
1363;
1363;
1364;
1365;
1367;
1372;
1372;
1373;
1375;
1376;
1377;
1377;
1381;
1382;
1382;
1384;
1386;
1386;
1386;
1387;
1387;
1388;
1390;
1392;
1392;
1393;
1394;
1394;
1394;
1395;
1395;
1396;
1396;
1397;
1400;
1401;
1401;
1402;
1403;
1404;
1406;
1407;
1407;
1408;
1411;
1411;
1412;
1413;
1413;
1414;
1414;
1415;
1415;
1415;
1416;
1416;
1416;
1416;
1417;
1417;
1419;
1420;
1420;
1422;
1424;
1425;
1427;
1428;
1428;
1429;
1430;
1432;
1432;
1436;
1436;
1437;
1438;
1440;
1440;
1441;
1442;
1445;
1448;
1451;
1451;
1451;
1452;
1454;
1454;
1454;
1455;
1456;
1457;
1457;
1458;
1459;
1459;
1459;
1460;
1460;
1461;
1461;
1463;
1465;
1466;
1467;
1467;
1468;
1470;
1470;
1472;
1473;
1473;
1473;
1473;
1474;
1474;
1475;
1475;
1476;
1476;
1477;
1477;
1478;
1479;
1481;
1484;
1486;
1486;
1486;
1486;
1487;
1487;
1488;
1489;
1493;
1493;
1493;
1494;
1496;
1500;
1501;
1501;
1501;
1501;
1502;
1502;
1503;
1503;
1507;
1507;
1508;
1510;
1511;
1512;
1513;
1513;
1513;
1513;
1513;
1514;
1515;
1515;
1515;
1518;
1518;
1518;
1520;
1522;
1524;
1526;
1526;
1528;
1529;
1529;
1530;
1530;
1531;
1532;
1534;
1534;
1534;
1536;
1537;
1538;
1541;
1543;
1545;
1545;
1546;
1546;
1546;
1549;
1550;
1551;
1554;
1554;
1555;
1555;
1556;
1556;
1559;
1563;
1563;
1563;
1564;
1565;
1566;
1567;
1573;
1574;
1574;
1579;
1579;
1580;
1581;
1582;
1582;
1582;
1583;
1586;
1588;
1589;
1590;
1592;
1592;
1592;
1594;
1595;
1595;
1595;
1596;
1597;
1599;
1600;
1601;
1602;
1603;
1604;
1606;
1607;
1610;
1610;
1610;
1611;
1613;
1613;
1615;
1617;
1620;
1622;
1624;
1624;
1624;
1625;
1627;
1628;
1631;
1632;
1632;
1634;
1636;
1636;
1637;
1638;
1638;
1639;
1639;
1640;
1642;
1643;
1644;
1647;
1647;
1648;
1649;
1650;
1650;
1652;
1652;
1652;
1652;
1653;
1655;
1657;
1657;
1657;
1658;
1659;
1659;
1659;
1659;
1660;
1662;
1667;
1668;
1669;
1670;
1670;
1677;
1679;
1680;
1680;
1681;
1682;
1682;
1683;
1683;
1683;
1684;
1687;
1688;
1690;
1691;
1692;
1692;
1697;
1698;
1699;
1700;
1700;
1701;
1702;
1703;
1703;
1705;
1705;
1705;
1708;
1709;
1709;
1710;
1711;
1711;
1712;
1713;
1714;
1715;
1716;
1717;
1717;
1719;
1719;
1720;
1722;
1723;
1723;
1723;
1723;
1725;
1726;
1726;
1726;
1727;
1727;
1727;
1728;
1728;
1729;
1731;
1732;
1732;
1732;
1733;
1733;
1734;
1735;
1740;
1740;
1741;
1742;
1744;
1749;
1749;
1750;
1751;
1752;
1752;
1754;
1754;
1754;
1757;
1757;
1758;
1758;
1759;
1759;
1760;
1761;
1762;
1762;
1764;
1765;
1766;
1766;
1768;
1773;
1774;
1774;
1775;
1776;
1776;
1776;
1778;
1779;
1781;
1781;
1783;
1783;
1784;
1785;
1786;
1787;
1787;
1788;
1788;
1788;
1789;
1790;
1790;
1791;
1791;
1792;
1792;
1793;
1795;
1795;
1798;
1799;
1800;
1801;
1801;
1802;
1802;
1803;
1804;
1811;
1811;
1813;
1813;
1815;
1816;
1821;
1822;
1823;
1824;
1825;
1827;
1829;
1830;
1831;
1831;
1831;
1836;
1837;
1838;
1839;
1840;
1841;
1842;
1842;
1842;
1844;
1845;
1845;
1845;
1845;
1847;
1848;
1852;
1852;
1853;
1855;
1855;
1860;
1860;
1861;
1861;
1863;
1863;
1865;
1866;
1867;
1867;
1870;
1870;
1870;
1871;
1872;
1873;
1874;
1874;
1876;
1876;
1877;
1877;
1877;
1878;
1879;
1879;
1880;
1880;
1882;
1882;
1882;
1883;
1886;
1886;
1887;
1891;
1892;
1895;
1895;
1896;
1898;
1899;
1900;
1902;
1902;
1902;
1903;
1903;
1903;
1904;
1904;
1904;
1905;
1906;
1907;
1907;
1910;
1914;
1915;
1917;
1917;
1918;
1919;
1921;
1924;
1924;
1925;
1926;
1928;
1928;
1928;
1930;
1931;
1933;
1935;
1936;
1937;
1937;
1937;
1938;
1939;
1940;
1940;
1940;
1941;
1942;
1942;
1944;
1944;
1945;
1945;
1946;
1947;
1947;
1948;
1950;
1950;
1951;
1951;
1952;
1955;
1955;
1956;
1956;
1957;
1957;
1957;
1958;
1959;
1959;
1960;
1961;
1963;
1964;
1964;
1965;
1965;
1969;
1969;
1972;
1972;
1974;
1974;
1974;
1975;
1976;
1977;
1977;
1978;
1979;
1980;
1981;
1983;
1985;
1985;
1986;
1987;
1987;
1987;
1989;
1990;
1990;
1991;
1992;
1992;
1993;
1995;
1995;
1997;
1998;
2000;
2000;
2001;
2002;
2002;
2003;
2005;
2007;
2012;
2013;
2013;
2014;
2016;
2017;
2017;
2018;
2018;
2020;
2020;
2021;
2022;
2023;
2024;
2024;
2024;
2026;
2027;
2027;
2029;
2029;
2029;
2031;
2031;
2035;
2036;
2036;
2037;
2038;
2038;
2045;
2045;
2051;
2051;
2051;
2052;
2053;
2053;
2054;
2055;
2056;
2059;
2060;
2062;
2062;
2063;
2063;
2063;
2064;
2064;
2065;
2065;
2069;
2070;
2071;
2073;
2073;
2074;
2077;
2077;
2079;
2079;
2081;
2081;
2082;
2083;
2083;
2083;
2084;
2084;
2086;
2086;
2087;
2087;
2087;
2087;
2088;
2089;
2091;
2091;
2091;
2092;
2092;
2093;
2093;
2095;
2095;
2096;
2096;
2096;
2098;
2098;
2099;
2100;
2101;
2102;
2102;
2102;
2105;
2109;
2110;
2112;
2113;
2114;
2114;
2117;
2117;
2118;
2119;
2119;
2120;
2123;
2124;
2128;
2128;
2128;
2128;
2129;
2133;
2134;
2136;
2136;
2137;
2137;
2139;
2139;
2139;
2140;
2141;
2142;
2142;
2145;
2148;
2151;
2152;
2156;
2156;
2157;
2157;
2158;
2158;
2158;
2159;
2160;
2161;
2163;
2165;
2166;
2166;
2168;
2168;
2170;
2172;
2172;
2172;
2173;
2173;
2173;
2176;
2176;
2180;
2181;
2183;
2183;
2184;
2184;
2186;
2186;
2186;
2188;
2188;
2189;
2189;
2190;
2191;
2192;
2194;
2196;
2197;
2198;
2199;
2199;
2200;
2200;
2201;
2201;
2203;
2203;
2203;
2205;
2205;
2205;
2206;
2206;
2207;
2208;
2208;
2208;
2210;
2212;
2213;
2213;
2215;
2215;
2216;
2217;
2217;
2218;
2218;
2219;
2219;
2221;
2221;
2222;
2223;
2223;
2226;
2227;
2227;
2227;
2228;
2231;
2232;
2233;
2233;
2233;
2234;
2234;
2239;
2239;
2239;
2240;
2242;
2242;
2242;
2243;
2243;
2244;
2245;
2246;
2247;
2247;
2248;
2248;
2250;
2250;
2251;
2252;
2253;
2254;
2255;
2255;
2256;
2258;
2258;
2258;
2260;
2260;
2263;
2263;
2266;
2266;
2267;
2268;
2269;
2271;
2271;
2273;
2273;
2274;
2275;
2276;
2277;
2279;
2279;
2280;
2282;
2284;
2286;
2288;
2290;
2291;
2291;
2292;
2292;
2294;
2295;
2296;
2297;
2301;
2301;
2301;
2301;
2304;
2304;
2304;
2305;
2307;
2307;
2308;
2309;
2309;
2310;
2310;
2310;
2311;
2311;
2313;
2314;
2315;
2315;
2315;
2315;
2317;
2317;
2317;
2318;
2319;
2322;
2322;
2322;
2326;
2327;
2328;
2328;
2329;
2329;
2330;
2331;
2331;
2332;
2333;
2333;
2333;
2334;
2336;
2336;
2336;
2337;
2340;
2342;
2342;
2344;
2345;
2346;
2346;
2347;
2350;
2351;
2352;
2352;
2352;
2353;
2354;
2355;
2355;
2355;
2356;
2357;
2358;
2358;
2358;
2358;
2358;
2360;
2361;
2362;
2362;
2365;
2372;
2375;
2375;
2375;
2375;
2377;
2378;
2380;
2381;
2381;
2381;
2381;
2382;
2385;
2385;
2386;
2387;
2388;
2389;
2389;
2396;
2398;
2401;
2401;
2403;
2405;
2406;
2407;
2407;
2407;
2408;
2412;
2414;
2415;
2417;
2418;
2418;
2418;
2419;
2419;
2420;
2421;
2421;
2423;
2423;
2423;
2424;
2425;
2426;
2429;
2430;
2430;
2431;
2432;
2434;
2434;
2435;
2435;
2435;
2436;
2436;
2437;
2439;
2440;
2441;
2442;
2442;
2442;
2442;
2442;
2447;
2448;
2449;
2449;
2450;
2453;
2454;
2455;
2455;
2456;
2457;
2457;
2458;
2461;
2462;
2462;
2465;
2468;
2469;
2469;
2469;
2471;
2472;
2473;
2474;
2474;
2474;
2476;
2476;
2477;
2477;
2479;
2480;
2480;
2482;
2484;
2484;
2486;
2486;
2486;
2487;
2489;
2490;
2490;
2492;
2492;
2494;
2496;
2496;
2497;
2497;
2498;
2500;
2500;
2500;
2502;
2503;
2503;
2503;
2503;
2504;
2505;
2505;
2506;
2506;
2506;
2507;
2509;
2511;
2515;
2515;
2517;
2518;
2519;
2519;
2520;
2521;
2521;
2521;
2524;
2524;
2525;
2525;
2526;
2528;
2529;
2529;
2530;
2531;
2532;
2534;
2536;
2536;
2537;
2537;
2537;
2538;
2543;
2543;
2546;
2546;
2546;
2547;
2548;
2549;
2551;
2556;
2557;
2558;
2561;
2562;
2563;
2563;
2564;
2564;
2564;
2564;
2566;
2566;
2568;
2568;
2569;
2570;
2571;
2571;
2573;
2575;
2577;
2577;
2578;
2578;
2578;
2578;
2579;
2579;
2579;
2580;
2580;
2582;
2582;
2586;
2586;
2587;
2589;
2590;
2592;
2592;
2595;
2596;
2596;
2597;
2599;
2600;
2601;
2602;
2603;
2604;
2605;
2606;
2607;
2608;
2609;
2611;
2613;
2614;
2614;
2615;
2616;
2616;
2617;
2617;
2617;
2619;
2620;
2620;
2620;
2623;
2624;
2625;
2626;
2627;
2627;
2628;
2629;
2629;
2629;
2629;
2631;
2631;
2632;
2633;
2634;
2634;
2635;
2637;
2638;
2638;
2638;
2640;
2641;
2641;
2641;
2642;
2642;
2642;
2642;
2643;
2648;
2648;
2651;
2652;
2653;
2653;
2655;
2656;
2656;
2656;
2657;
2659;
2659;
2663;
2663;
2668;
2670;
2670;
2671;
2671;
2671;
2674;
2674;
2674;
2675;
2676;
2677;
2678;
2680;
2683;
2684;
2684;
2684;
2686;
2690;
2690;
2690;
2694;
2695;
2696;
2697;
2698;
2698;
2700;
2700;
2701;
2702;
2702;
2702;
2705;
2705;
2706;
2706;
2706;
2707;
2707;
2707;
2708;
2708;
2710;
2711;
2711;
2711;
2711;
2711;
2712;
2712;
2713;
2714;
2715;
2717;
2717;
2718;
2719;
2719;
2720;
2720;
2721;
2722;
2722;
2723;
2723;
2724;
2728;
2728;
2728;
2730;
2731;
2732;
2733;
2736;
2738;
2739;
2740;
2740;
2741;
2741;
2742;
2743;
2744;
2744;
2745;
2745;
2745;
2746;
2748;
2750;
2751;
2752;
2753;
2753;
2757;
2758;
2758;
2759;
2759;
2759;
2761;
2763;
2766;
2767;
2767;
2769;
2770;
2771;
2772;
2773;
2775;
2777;
2778;
2778;
2779;
2780;
2781;
2782;
2782;
2783;
2783;
2783;
2785;
2786;
2787;
2788;
2788;
2789;
2790;
2790;
2790;
2792;
2794;
2794;
2796;
2799;
2800;
2800;
2800;
2800;
2801;
2803;
2803;
2804;
2805;
2805;
2806;
2808;
2808;
2811;
2818;
2818;
2819;
2821;
2821;
2823;
2824;
2824;
2824;
2824;
2827;
2828;
2829;
2831;
2832;
2832;
2833;
2833;
2833;
2835;
2836;
2836;
2836;
2836;
2837;
2838;
2840;
2840;
2840;
2841;
2844;
2845;
2846;
2847;
2849;
2849;
2849;
2851;
2855;
2857;
2857;
2858;
2862;
2862;
2862;
2862;
2863;
2863;
2864;
2864;
2865;
2866;
2869;
2869;
2870;
2870;
2870;
2870;
2871;
2871;
2871;
2872;
2873;
2874;
2874;
2875;
2877;
2879;
2880;
2880;
2882;
2882;
2883;
2886;
2887;
2888;
2890;
2891;
2892;
2894;
2894;
2895;
2895;
2895;
2895;
2896;
2897;
2897;
2898;
2898;
2899;
2899;
2900;
2901;
2902;
2903;
2903;
2903;
2903;
2904;
2904;
2905;
2905;
2905;
2907;
2907;
2907;
2908;
2909;
2909;
2911;
2914;
2914;
2914;
2915;
2916;
2916;
2918;
2918;
2919;
2921;
2924;
2925;
2926;
2927;
2928;
2932;
2935;
2935;
2936;
2936;
2936;
2937;
2938;
2939;
2939;
2939;
2939;
2940;
2940;
2940;
2941;
2942;
2942;
2942;
2942;
2944;
2946;
2947;
2948;
2948;
2949;
2951;
2951;
2951;
2952;
2953;
2956;
2956;
2956;
2956;
2957;
2958;
2958;
2959;
2959;
2959;
2960;
2961;
2961;
2962;
2962;
2962;
2962;
2963;
2964;
2965;
2965;
2966;
2968;
2968;
2969;
2973;
2974;
2975;
2976;
2977;
2978;
2978;
2979;
2979;
2980;
2981;
2982;
2983;
2985;
2987;
2987;
2990;
2990;
2992;
2992;
2993;
2993;
2994;
2995;
2996;
2996;
2997;
2997;
2998;
2999;
3000;
3000;
3000;
3000;
3001;
3005;
3005;
3007;
3009;
3009;
3011;
3012;
3012;
3013;
3013;
3013;
3013;
3016;
3017;
3019;
3020;
3020;
3020;
3020;
3021;
3021;
3021;
3022;
3022;
3022;
3023;
3025;
3025;
3026;
3026;
3028;
3029;
3029;
3029;
3029;
3031;
3031;
3032;
3033;
3034;
3036;
3036;
3037;
3038;
3038;
3039;
3040;
3044;
3044;
3047;
3048;
3048;
3049;
3049;
3051;
3053;
3053;
3054;
3055;
3056;
3058;
3059;
3059;
3060;
3061;
3061;
3063;
3063;
3065;
3065;
3067;
3068;
3068;
3068;
3068;
3069;
3070;
3072;
3072;
3075;
3076;
3077;
3078;
3079;
3079;
3080;
3080;
3083;
3083;
3083;
3084;
3084;
3084;
3087;
3087;
3087;
3087;
3089;
3090;
3095;
3096;
3096;
3097;
3098;
3098;
3099;
3099;
3099;
3100;
3101;
3102;
3103;
3104;
3108;
3108;
3108;
3109;
3110;
3110;
3111;
3112;
3112;
3114;
3114;
3115;
3116;
3117;
3118;
3119;
3122;
3124;
3124;
3126;
3128;
3128;
3129;
3129;
3130;
3133;
3134;
3135;
3139;
3140;
3142;
3142;
3144;
3145;
3145;
3145;
3148;
3150;
3152;
3153;
3153;
3153;
3153;
3155;
3155;
3155;
3156;
3156;
3157;
3158;
3159;
3159;
3159;
3160;
3161;
3162;
3163;
3163;
3163;
3164;
3164;
3165;
3165;
3165;
3169;
3169;
3174;
3175;
3176;
3178;
3179;
3179;
3179;
3180;
3184;
3186;
3187;
3187;
3190;
3190;
3190;
3191;
3192;
3192;
3193;
3193;
3193;
3194;
3195;
3195;
3197;
3197;
3198;
3199;
3199;
3199;
3202;
3202;
3203;
3203;
3203;
3204;
3205;
3206;
3206;
3207;
3207;
3208;
3210;
3213;
3214;
3215;
3215;
3220;
3220;
3221;
3221;
3223;
3224;
3225;
3225;
3225;
3228;
3229;
3229;
3233;
3235;
3235;
3235;
3237;
3238;
3239;
3241;
3243;
3244;
3245;
3245;
3246;
3248;
3248;
3253;
3253;
3253;
3254;
3254;
3256;
3258;
3258;
3260;
3262;
3263;
3265;
3267;
3269;
3270;
3271;
3272;
3273;
3275;
3276;
3276;
3277;
3278;
3280;
3281;
3281;
3283;
3283;
3285;
3285;
3285;
3285;
3285;
3286;
3288;
3289;
3290;
3290;
3291;
3291;
3292;
3293;
3293;
3294;
3294;
3295;
3296;
3297;
3297;
3298;
3300;
3300;
3303;
3303;
3303;
3304;
3304;
3305;
3306;
3307;
3309;
3309;
3310;
3311;
3312;
3312;
3314;
3314;
3315;
3316;
3316;
3316;
3317;
3318;
3319;
3322;
3323;
3324;
3324;
3324;
3325;
3329;
3329;
3330;
3330;
3330;
3335;
3335;
3336;
3338;
3338;
3339;
3339;
3339;
3341;
3341;
3341;
3342;
3342;
3344;
3344;
3345;
3349;
3356;
3358;
3358;
3362;
3365;
3366;
3367;
3367;
3368;
3370;
3370;
3371;
3372;
3372;
3373;
3373;
3373;
3376;
3379;
3380;
3381;
3381;
3382;
3387;
3387;
3388;
3390;
3390;
3390;
3390;
3390;
3392;
3393;
3394;
3394;
3394;
3395;
3396;
3397;
3400;
3401;
3402;
3405;
3406;
3407;
3407;
3410;
3411;
3412;
3412;
3412;
3413;
3414;
3415;
3420;
3420;
3421;
3427;
3428;
3428;
3429;
3431;
3432;
3433;
3433;
3435;
3437;
3438;
3438;
3438;
3438;
3442;
3443;
3444;
3445;
3445;
3448;
3450;
3452;
3452;
3452;
3453;
3454;
3455;
3456;
3456;
3457;
3458;
3458;
3458;
3458;
3459;
3460;
3460;
3462;
3463;
3463;
3463;
3464;
3464;
3466;
3467;
3467;
3468;
3468;
3468;
3473;
3473;
3475;
3476;
3476;
3477;
3479;
3479;
3480;
3480;
3482;
3483;
3483;
3486;
3487;
3487;
3488;
3489;
3489;
3489;
3489;
3490;
3491;
3492;
3495;
3496;
3496;
3497;
3499;
3501;
3502;
3505;
3506;
3510;
3511;
3512;
3513;
3513;
3514;
3515;
3515;
3516;
3518;
3519;
3519;
3520;
3521;
3521;
3521;
3525;
3525;
3526;
3526;
3527;
3527;
3530;
3531;
3531;
3531;
3533;
3534;
3534;
3535;
3535;
3536;
3537;
3538;
3539;
3539;
3544;
3546;
3546;
3547;
3547;
3548;
3548;
3549;
3550;
3552;
3552;
3553;
3554;
3554;
3557;
3557;
3558;
3563;
3565;
3565;
3567;
3568;
3569;
3571;
3571;
3572;
3574;
3574;
3575;
3575;
3577;
3578;
3578;
3579;
3579;
3581;
3581;
3583;
3583;
3584;
3586;
3587;
3590;
3591;
3591;
3592;
3593;
3595;
3596;
3596;
3599;
3599;
3600;
3600;
3601;
3602;
3603;
3606;
3606;
3607;
3609;
3611;
3612;
3613;
3613;
3613;
3615;
3615;
3616;
3616;
3617;
3617;
3619;
3620;
3621;
3622;
3623;
3626;
3626;
3627;
3627;
3629;
3634;
3635;
3636;
3636;
3636;
3637;
3637;
3638;
3639;
3642;
3643;
3645;
3645;
3645;
3645;
3648;
3648;
3652;
3652;
3653;
3654;
3655;
3655;
3656;
3656;
3659;
3660;
3660;
3661;
3663;
3664;
3665;
3667;
3667;
3668;
3668;
3669;
3669;
3671;
3672;
3672;
3673;
3674;
3675;
3675;
3680;
3681;
3682;
3683;
3683;
3684;
3685;
3686;
3687;
3687;
3688;
3691;
3692;
3693;
3693;
3693;
3695;
3698;
3700;
3701;
3702;
3702;
3704;
3707;
3707;
3708;
3708;
3709;
3712;
3712;
3714;
3714;
3714;
3716;
3716;
3717;
3720;
3720;
3720;
3721;
3722;
3723;
3723;
3724;
3726;
3727;
3730;
3731;
3731;
3733;
3736;
3737;
3737;
3738;
3738;
3739;
3741;
3741;
3741;
3741;
3741;
3742;
3744;
3745;
3745;
3745;
3747;
3747;
3748;
3750;
3753;
3756;
3756;
3757;
3758;
3759;
3760;
3762;
3764;
3766;
3767;
3768;
3768;
3770;
3772;
3775;
3776;
3777;
3778;
3781;
3781;
3781;
3784;
3785;
3786;
3787;
3789;
3789;
3789;
3791;
3794;
3795;
3795;
3795;
3796;
3800;
3801;
3801;
3802;
3802;
3803;
3803;
3806;
3807;
3808;
3808;
3808;
3809;
3810;
3810;
3811;
3811;
3812;
3812;
3819;
3821;
3822;
3822;
3823;
3825;
3830;
3830;
3831;
3831;
3832;
3833;
3834;
3835;
3836;
3836;
3837;
3837;
3837;
3838;
3838;
3838;
3840;
3842;
3842;
3842;
3843;
3844;
3844;
3846;
3846;
3849;
3850;
3850;
3850;
3851;
3851;
3852;
3853;
3854;
3857;
3857;
3857;
3863;
3864;
3865;
3866;
3866;
3867;
3868;
3868;
3869;
3870;
3872;
3874;
3876;
3877;
3878;
3878;
3882;
3883;
3886;
3886;
3887;
3888;
3889;
3891;
3891;
3892;
3893;
3893;
3893;
3895;
3895;
3897;
3898;
3898;
3898;
3899;
3902;
3904;
3904;
3905;
3905;
3905;
3906;
3907;
3907;
3907;
3909;
3909;
3911;
3914;
3916;
3916;
3918;
3919;
3920;
3920;
3922;
3922;
3923;
3924;
3927;
3927;
3927;
3928;
3929;
3933;
3934;
3934;
3935;
3937;
3939;
3941;
3942;
3944;
3945;
3946;
3947;
3948;
3948;
3950;
3950;
3951;
3951;
3955;
3956;
3958;
3959;
3959;
3960;
3961;
3961;
3963;
3965;
3966;
3967;
3968;
3968;
3968;
3971;
3972;
3972;
3974;
3974;
3974;
3974;
3976;
3976;
3977;
3978;
3979;
3979;
3979;
3979;
3980;
3982;
3984;
3984;
3985;
3986;
3988;
3989;
3989;
3990;
3991;
3991;
3991;
3991;
3991;
3991;
3991;
3993;
3994;
3997;
3998;
3998;
4001;
4003;
4003;
4004;
4005;
4005;
4005;
4008;
4008;
4009;
4009;
4009;
4011;
4012;
4013;
4016;
4020;
4021;
4021;
4022;
4024;
4025;
4026;
4026;
4026;
4027;
4029;
4029;
4031;
4035;
4035;
4036;
4037;
4037;
4037;
4037;
4042;
4044;
4044;
4047;
4047;
4048;
4055;
4055;
4059;
4060;
4060;
4061;
4061;
4064;
4065;
4066;
4069;
4070;
4070;
4073;
4073;
4074;
4075;
4075;
4076;
4076;
4076;
4076;
4076;
4076;
4076;
4077;
4078;
4080;
4080;
4080;
4081;
4081;
4082;
4083;
4083;
4083;
4084;
4086;
4087;
4087;
4089;
4089;
4090;
4091;
4091;
4092;
4094;
4095;
4096;
4098;
4098;
4098;
4099;
4099;
4102;
4103;
4103;
4103;
4105;
4105;
4108;
4108;
4108;
4109;
4111;
4112;
4113;
4114;
4114;
4116;
4118;
4119;
4121;
4121;
4121;
4122;
4123;
4125;
4125;
4130;
4131;
4132;
4132;
4135;
4136;
4138;
4138;
4141;
4142;
4143;
4144;
4145;
4147;
4149;
4149;
4149;
4149;
4150;
4151;
4151;
4152;
4152;
4153;
4154;
4154;
4155;
4155;
4158;
4160;
4162;
4163;
4163;
4163;
4164;
4164;
4164;
4165;
4166;
4166;
4167;
4167;
4168;
4168;
4169;
4171;
4171;
4173;
4173;
4174;
4174;
4177;
4180;
4181;
4181;
4183;
4183;
4185;
4186;
4187;
4188;
4189;
4191;
4192;
4194;
4194;
4194;
4196;
4199;
4201;
4201;
4203;
4204;
4204;
4204;
4206;
4208;
4208;
4208;
4209;
4210;
4210;
4211;
4215;
4216;
4218;
4218;
4219;
4220;
4221;
4223;
4223;
4224;
4225;
4228;
4228;
4228;
4230;
4230;
4231;
4231;
4232;
4232;
4232;
4233;
4233;
4234;
4234;
4236;
4237;
4241;
4243;
4243;
4244;
4248;
4249;
4250;
4250;
4253;
4253;
4253;
4254;
4254;
4254;
4254;
4256;
4256;
4257;
4257;
4259;
4261;
4262;
4263;
4263;
4264;
4265;
4266;
4266;
4267;
4270;
4272;
4273;
4274;
4275;
4275;
4276;
4276;
4277;
4280;
4283;
4283;
4284;
4284;
4285;
4286;
4286;
4288;
4288;
4290;
4291;
4292;
4292;
4295;
4298;
4298;
4299;
4301;
4301;
4302;
4302;
4303;
4304;
4304;
4305;
4306;
4308;
4309;
4309;
4311;
4311;
4312;
4313;
4313;
4313;
4314;
4314;
4315;
4316;
4316;
4316;
4316;
4317;
4317;
4318;
4320;
4321;
4321;
4322;
4323;
4323;
4324;
4325;
4326;
4327;
4330;
4332;
4333;
4335;
4336;
4338;
4339;
4340;
4340;
4341;
4341;
4343;
4344;
4345;
4348;
4348;
4349;
4349;
4350;
4350;
4354;
4355;
4357;
4358;
4358;
4358;
4359;
4363;
4364;
4365;
4365;
4365;
4366;
4366;
4367;
4370;
4371;
4371;
4372;
4373;
4373;
4375;
4375;
4376;
4377;
4378;
4378;
4379;
4379;
4379;
4380;
4381;
4382;
4386;
4386;
4387;
4388;
4390;
4391;
4392;
4392;
4395;
4396;
4402;
4404;
4404;
4405;
4405;
4405;
4406;
4407;
4407;
4408;
4408;
4410;
4412;
4413;
4414;
4415;
4417;
4419;
4419;
4420;
4421;
4422;
4422;
4423;
4423;
4424;
4424;
4424;
4424;
4429;
4429;
4430;
4431;
4431;
4431;
4432;
4433;
4433;
4434;
4435;
4436;
4436;
4437;
4437;
4438;
4439;
4440;
4440;
4441;
4444;
4444;
4445;
4446;
4447;
4447;
4448;
4449;
4451;
4451;
4452;
4452;
4453;
4454;
4454;
4455;
4455;
4457;
4459;
4461;
4462;
4464;
4464;
4468;
4470;
4470;
4471;
4473;
4474;
4478;
4478;
4479;
4480;
4480;
4481;
4481;
4481;
4482;
4482;
4482;
4484;
4484;
4485;
4486;
4486;
4489;
4490;
4491;
4491;
4491;
4493;
4494;
4496;
4499;
4499;
4500;
4503;
4504;
4505;
4505;
4505;
4506;
4507;
4510;
4512;
4512;
4513;
4513;
4513;
4513;
4515;
4516;
4519;
4520;
4521;
4521;
4523;
4524;
4524;
4524;
4525;
4525;
4527;
4527;
4528;
4529;
4529;
4530;
4530;
4531;
4531;
4534;
4539;
4539;
4540;
4542;
4543;
4544;
4545;
4545;
4545;
4545;
4549;
4551;
4552;
4554;
4554;
4554;
4555;
4555;
4558;
4561;
4562;
4562;
4564;
4564;
4564;
4566;
4567;
4567;
4568;
4569;
4569;
4571;
4571;
4572;
4573;
4574;
4574;
4575;
4575;
4576;
4577;
4579;
4580;
4580;
4580;
4582;
4582;
4583;
4583;
4584;
4587;
4590;
4592;
4592;
4592;
4594;
4594;
4596;
4596;
4597;
4599;
4601;
4601;
4602;
4602;
4604;
4607;
4610;
4611;
4614;
4615;
4616;
4616;
4617;
4617;
4618;
4618;
4620;
4621;
4622;
4622;
4623;
4623;
4623;
4624;
4624;
4624;
4626;
4626;
4628;
4629;
4631;
4631;
4634;
4634;
4638;
4639;
4639;
4640;
4642;
4642;
4644;
4645;
4646;
4647;
4648;
4649;
4649;
4650;
4651;
4652;
4654;
4655;
4655;
4657;
4658;
4659;
4660;
4660;
4660;
4661;
4662;
4662;
4663;
4665;
4667;
4667;
4672;
4674;
4675;
4675;
4676;
4678;
4680;
4680;
4684;
4685;
4685;
4687;
4690;
4690;
4691;
4692;
4693;
4695;
4695;
4695;
4695;
4695;
4696;
4696;
4696;
4697;
4702;
4702;
4702;
4704;
4704;
4704;
4705;
4705;
4706;
4706;
4708;
4709;
4710;
4710;
4711;
4712;
4714;
4716;
4716;
4717;
4721;
4721;
4722;
4724;
4724;
4725;
4725;
4725;
4726;
4726;
4727;
4729;
4730;
4730;
4732;
4732;
4732;
4733;
4733;
4735;
4735;
4737;
4738;
4740;
4740;
4740;
4742;
4742;
4743;
4743;
4744;
4750;
4751;
4752;
4755;
4758;
4760;
4761;
4761;
4762;
4762;
4763;
4765;
4765;
4767;
4769;
4770;
4771;
4771;
4772;
4772;
4773;
4774;
4777;
4779;
4779;
4779;
4779;
4780;
4780;
4781;
4781;
4783;
4783;
4784;
4784;
4784;
4786;
4787;
4787;
4793;
4793;
4793;
4795;
4796;
4796;
4797;
4797;
4798;
4798;
4798;
4798;
4799;
4800;
4802;
4803;
4803;
4804;
4808;
4808;
4809;
4809;
4810;
4810;
4812;
4815;
4820;
4821;
4822;
4824;
4825;
4828;
4830;
4831;
4832;
4833;
4835;
4835;
4835;
4835;
4835;
4836;
4838;
4839;
4840;
4841;
4842;
4842;
4842;
4843;
4843;
4844;
4845;
4846;
4847;
4847;
4848;
4852;
4855;
4855;
4858;
4859;
4859;
4861;
4861;
4862;
4862;
4863;
4865;
4865;
4866;
4866;
4867;
4868;
4869;
4870;
4870;
4872;
4876;
4877;
4877;
4877;
4877;
4878;
4878;
4880;
4881;
4882;
4882;
4885;
4886;
4887;
4888;
4888;
4889;
4889;
4890;
4891;
4892;
4893;
4893;
4894;
4895;
4896;
4896;
4897;
4899;
4901;
4903;
4903;
4905;
4906;
4906;
4910;
4910;
4911;
4911;
4912;
4912;
4913;
4914;
4914;
4917;
4917;
4917;
4917;
4919;
4920;
4922;
4922;
4922;
4923;
4924;
4925;
4928;
4928;
4929;
4929;
4931;
4931;
4933;
4933;
4934;
4934;
4936;
4938;
4939;
4939;
4939;
4939;
4940;
4940;
4940;
4940;
4944;
4945;
4945;
4947;
4950;
4950;
4951;
4951;
4956;
4957;
4957;
4958;
4958;
4959;
4960;
4961;
4961;
4962;
4962;
4965;
4966;
4967;
4967;
4967;
4968;
4968;
4969;
4969;
4969;
4969;
4971;
4974;
4974;
4976;
4978;
4978;
4979;
4980;
4980;
4983;
4983;
4983;
4984;
4984;
4985;
4988;
4992;
4992;
4993;
4994;
4994;
4996;
4997;
4998;
4999;
5000;
5000;
5001;
5001;
5001;
5002;
5003;
5003;
5003;
5004;
5005;
5005;
5005;
5006;
5007;
5008;
5009;
5010;
5013;
5015;
5016;
5018;
5018;
5018;
5020;
5020;
5021;
5021;
5025;
5026;
5027;
5028;
5031;
5032;
5038;
5039;
5039;
5040;
5041;
5042;
5042;
5043;
5044;
5045;
5046;
5047;
5048;
5049;
5050;
5051;
5053;
5055;
5055;
5056;
5059;
5059;
5060;
5060;
5062;
5062;
5063;
5064;
5065;
5066;
5067;
5069;
5070;
5071;
5071;
5071;
5072;
5072;
5075;
5076;
5078;
5080;
5081;
5081;
5081;
5082;
5084;
5084;
5085;
5086;
5086;
5088;
5089;
5089;
5090;
5091;
5091;
5092;
5092;
5093;
5094;
5095;
5095;
5095;
5096;
5097;
5098;
5098;
5099;
5099;
5100;
5100;
5103;
5103;
5105;
5106;
5107;
5109;
5111;
5111;
5111;
5111;
5114;
5114;
5115;
5116;
5117;
5118;
5118;
5120;
5120;
5121;
5121;
5122;
5122;
5123;
5123;
5124;
5124;
5125;
5125;
5126;
5128;
5130;
5130;
5130;
5131;
5132;
5132;
5132;
5133;
5134;
5134;
5135;
5135;
5136;
5138;
5139;
5139;
5140;
5140;
5141;
5142;
5143;
5143;
5144;
5145;
5145;
5145;
5146;
5146;
5147;
5147;
5147;
5148;
5149;
5149;
5150;
5152;
5153;
5153;
5154;
5154;
5154;
5154;
5154;
5155;
5155;
5156;
5157;
5158;
5160;
5160;
5161;
5162;
5163;
5164;
5165;
5165;
5168;
5169;
5171;
5171;
5173;
5173;
5174;
5175;
5176;
5176;
5176;
5177;
5177;
5178;
5179;
5183;
5184;
5185;
5186;
5188;
5189;
5189;
5190;
5191;
5192;
5192;
5194;
5196;
5196;
5198;
5199;
5200;
5202;
5202;
5202;
5203;
5203;
5204;
5205;
5205;
5206;
5207;
5207;
5209;
5209;
5210;
5211;
5211;
5212;
5212;
5212;
5215;
5215;
5216;
5217;
5219;
5219;
5220;
5220;
5221;
5221;
5221;
5223;
5223;
5225;
5225;
5227;
5227;
5228;
5228;
5229;
5229;
5230;
5231;
5231;
5233;
5233;
5233;
5233;
5233;
5233;
5235;
5235;
5237;
5238;
5239;
5239;
5239;
5240;
5240;
5241;
5241;
5242;
5242;
5243;
5243;
5245;
5245;
5245;
5246;
5247;
5248;
5250;
5251;
5251;
5252;
5254;
5255;
5255;
5255;
5256;
5257;
5259;
5260;
5260;
5261;
5262;
5262;
5265;
5265;
5268;
5269;
5270;
5270;
5272;
5272;
5272;
5273;
5273;
5274;
5275;
5275;
5277;
5278;
5279;
5280;
5281;
5283;
5285;
5285;
5286;
5286;
5287;
5289;
5290;
5291;
5293;
5293;
5293;
5295;
5295;
5297;
5299;
5300;
5300;
5300;
5302;
5302;
5302;
5304;
5306;
5308;
5308;
5310;
5310;
5311;
5312;
5312;
5313;
5313;
5315;
5316;
5319;
5321;
5321;
5322;
5323;
5323;
5326;
5326;
5326;
5327;
5327;
5327;
5328;
5329;
5331;
5331;
5331;
5333;
5335;
5335;
5338;
5338;
5338;
5340;
5341;
5342;
5343;
5343;
5344;
5346;
5348;
5348;
5348;
5349;
5349;
5351;
5352;
5353;
5354;
5358;
5358;
5358;
5359;
5359;
5359;
5360;
5360;
5362;
5362;
5364;
5364;
5365;
5365;
5365;
5365;
5366;
5367;
5367;
5367;
5368;
5370;
5373;
5373;
5375;
5376;
5378;
5380;
5380;
5381;
5383;
5383;
5384;
5384;
5384;
5385;
5386;
5386;
5386;
5387;
5390;
5390;
5390;
5392;
5392;
5396;
5397;
5399;
5399;
5401;
5402;
5404;
5404;
5405;
5407;
5407;
5410;
5411;
5411;
5412;
5413;
5413;
5417;
5419;
5420;
5422;
5423;
5423;
5425;
5425;
5426;
5427;
5428;
5430;
5430;
5432;
5434;
5436;
5437;
5437;
5438;
5440;
5441;
5441;
5442;
5443;
5443;
5444;
5444;
5449;
5452;
5453;
5456;
5457;
5459;
5460;
5462;
5462;
5463;
5464;
5464;
5465;
5465;
5467;
5469;
5470;
5471;
5471;
5472;
5474;
5475;
5475;
5476;
5477;
5478;
5478;
5480;
5480;
5482;
5483;
5483;
5485;
5486;
5486;
5487;
5488;
5490;
5495;
5496;
5497;
5499;
5499;
5504;
5505;
5506;
5506;
5506;
5507;
5507;
5508;
5508;
5515;
5516;
5518;
5519;
5522;
5522;
5524;
5524;
5524;
5524;
5526;
5528;
5529;
5529;
5529;
5529;
5529;
5530;
5530;
5531;
5534;
5534;
5534;
5535;
5535;
5536;
5536;
5536;
5537;
5538;
5539;
5539;
5544;
5545;
5547;
5547;
5550;
5552;
5552;
5553;
5553;
5555;
5556;
5558;
5559;
5561;
5562;
5565;
5567;
5571;
5572;
5573;
5573;
5576;
5577;
5577;
5577;
5579;
5579;
5580;
5580;
5582;
5583;
5583;
5584;
5584;
5585;
5585;
5585;
5585;
5586;
5586;
5587;
5588;
5588;
5589;
5590;
5590;
5592;
5592;
5593;
5597;
5597;
5604;
5605;
5605;
5605;
5606;
5606;
5608;
5609;
5611;
5615;
5615;
5617;
5617;
5618;
5619;
5619;
5619;
5620;
5620;
5621;
5621;
5622;
5623;
5623;
5623;
5624;
5627;
5627;
5627;
5628;
5628;
5628;
5628;
5628;
5629;
5630;
5630;
5631;
5632;
5633;
5633;
5635;
5636;
5636;
5637;
5637;
5637;
5639;
5639;
5641;
5641;
5642;
5643;
5644;
5645;
5647;
5648;
5648;
5649;
5650;
5650;
5651;
5653;
5654;
5654;
5657;
5658;
5659;
5659;
5660;
5661;
5661;
5661;
5663;
5664;
5666;
5666;
5667;
5668;
5670;
5670;
5670;
5672;
5672;
5673;
5673;
5675;
5675;
5678;
5678;
5679;
5680;
5680;
5683;
5683;
5683;
5685;
5686;
5686;
5688;
5688;
5689;
5691;
5692;
5696;
5697;
5698;
5698;
5700;
5700;
5700;
5700;
5701;
5702;
5702;
5702;
5702;
5706;
5706;
5708;
5709;
5709;
5710;
5710;
5710;
5711;
5711;
5711;
5713;
5716;
5717;
5719;
5721;
5721;
5721;
5721;
5722;
5724;
5724;
5724;
5725;
5725;
5727;
5729;
5731;
5731;
5732;
5735;
5736;
5736;
5737;
5737;
5738;
5740;
5740;
5740;
5740;
5740;
5741;
5742;
5742;
5743;
5744;
5744;
5744;
5745;
5745;
5745;
5748;
5748;
5749;
5751;
5751;
5753;
5754;
5754;
5755;
5756;
5757;
5757;
5757;
5758;
5760;
5760;
5761;
5761;
5763;
5764;
5766;
5767;
5769;
5769;
5770;
5771;
5772;
5772;
5773;
5774;
5774;
5778;
5779;
5780;
5780;
5783;
5783;
5783;
5783;
5784;
5785;
5785;
5785;
5788;
5791;
5791;
5791;
5791;
5791;
5792;
5796;
5796;
5796;
5799;
5801;
5804;
5806;
5807;
5811;
5813;
5814;
5814;
5816;
5818;
5818;
5818;
5820;
5821;
5823;
5823;
5823;
5823;
5823;
5824;
5824;
5825;
5827;
5827;
5828;
5828;
5828;
5829;
5829;
5829;
5832;
5833;
5833;
5834;
5836;
5839;
5839;
5840;
5840;
5841;
5841;
5841;
5841;
5843;
5843;
5845;
5845;
5845;
5845;
5847;
5849;
5853;
5854;
5855;
5857;
5857;
5857;
5857;
5857;
5859;
5859;
5861;
5861;
5862;
5864;
5864;
5864;
5865;
5865;
5866;
5867;
5867;
5867;
5868;
5869;
5869;
5869;
5872;
5873;
5873;
5874;
5875;
5876;
5877;
5878;
5881;
5883;
5883;
5885;
5885;
5885;
5886;
5886;
5887;
5888;
5890;
5890;
5890;
5891;
5892;
5893;
5893;
5895;
5898;
5899;
5900;
5904;
5905;
5906;
5906;
5906;
5906;
5907;
5910;
5910;
5913;
5914;
5914;
5915;
5918;
5920;
5920;
5922;
5926;
5926;
5926;
5927;
5927;
5930;
5931;
5935;
5936;
5937;
5938;
5938;
5939;
5941;
5941;
5942;
5943;
5943;
5944;
5945;
5945;
5946;
5948;
5949;
5952;
5952;
5953;
5955;
5956;
5956;
5960;
5961;
5961;
5962;
5963;
5963;
5964;
5965;
5968;
5969;
5969;
5969;
5969;
5969;
5971;
5973;
5978;
5979;
5980;
5981;
5981;
5981;
5981;
5982;
5983;
5983;
5986;
5986;
5987;
5989;
5990;
5990;
5991;
5992;
5993;
5993;
5995;
5995;
5996;
5996;
5996;
5998;
6001;
6001;
6003;
6003;
6003;
6005;
6006;
6007;
6007;
6007;
6009;
6009;
6010;
6011;
6011;
6011;
6012;
6013;
6013;
6014;
6014;
6021;
6021;
6022;
6023;
6024;
6026;
6026;
6026;
6026;
6026;
6028;
6028;
6028;
6029;
6029;
6030;
6030;
6031;
6031;
6032;
6032;
6033;
6034;
6035;
6038;
6039;
6039;
6040;
6041;
6042;
6043;
6043;
6044;
6044;
6044;
6046;
6047;
6048;
6048;
6048;
6050;
6051;
6051;
6052;
6052;
6056;
6056;
6056;
6057;
6059;
6059;
6059;
6060;
6060;
6060;
6060;
6061;
6061;
6061;
6062;
6063;
6064;
6066;
6067;
6067;
6069;
6069;
6069;
6070;
6072;
6073;
6073;
6074;
6074;
6078;
6079;
6080;
6081;
6082;
6082;
6083;
6084;
6084;
6086;
6089;
6089;
6090;
6092;
6092;
6093;
6094;
6098;
6099;
6101;
6101;
6103;
6103;
6104;
6105;
6105;
6105;
6106;
6107;
6107;
6109;
6111;
6112;
6114;
6117;
6117;
6118;
6119;
6119;
6119;
6120;
6120;
6121;
6121;
6122;
6122;
6122;
6123;
6124;
6124;
6124;
6127;
6128;
6129;
6130;
6131;
6132;
6133;
6133;
6133;
6134;
6136;
6137;
6138;
6140;
6140;
6142;
6146;
6147;
6147;
6148;
6148;
6149;
6149;
6150;
6151;
6152;
6152;
6153;
6153;
6154;
6155;
6156;
6157;
6159;
6162;
6162;
6163;
6163;
6164;
6166;
6167;
6168;
6170;
6170;
6172;
6172;
6175;
6176;
6179;
6179;
6179;
6179;
6182;
6182;
6188;
6188;
6190;
6190;
6192;
6192;
6194;
6194;
6195;
6195;
6197;
6197;
6198;
6200;
6201;
6201;
6202;
6202;
6203;
6203;
6204;
6204;
6205;
6206;
6208;
6208;
6209;
6209;
6210;
6211;
6211;
6211;
6212;
6213;
6215;
6218;
6218;
6219;
6219;
6219;
6220;
6221;
6221;
6221;
6222;
6223;
6225;
6226;
6227;
6228;
6229;
6229;
6230;
6231;
6231;
6232;
6233;
6233;
6234;
6236;
6236;
6238;
6238;
6239;
6239;
6241;
6241;
6242;
6242;
6243;
6243;
6244;
6244;
6245;
6246;
6247;
6248;
6250;
6250;
6250;
6251;
6251;
6252;
6255;
6256;
6257;
6259;
6259;
6260;
6261;
6262;
6263;
6263;
6263;
6265;
6266;
6267;
6269;
6273;
6274;
6275;
6275;
6276;
6276;
6276;
6276;
6278;
6278;
6278;
6278;
6280;
6282;
6283;
6285;
6285;
6285;
6287;
6287;
6288;
6288;
6288;
6288;
6291;
6292;
6292;
6293;
6293;
6294;
6295;
6296;
6297;
6304;
6304;
6304;
6305;
6305;
6305;
6306;
6307;
6307;
6309;
6311;
6315;
6317;
6318;
6318;
6318;
6318;
6319;
6321;
6323;
6323;
6323;
6324;
6327;
6330;
6330;
6330;
6330;
6331;
6332;
6333;
6333;
6336;
6336;
6336;
6337;
6337;
6338;
6340;
6340;
6342;
6344;
6345;
6345;
6346;
6346;
6347;
6347;
6347;
6351;
6353;
6353;
6354;
6354;
6354;
6354;
6354;
6355;
6356;
6359;
6360;
6360;
6361;
6361;
6361;
6363;
6364;
6368;
6370;
6370;
6371;
6373;
6374;
6376;
6377;
6377;
6378;
6378;
6379;
6379;
6379;
6380;
6382;
6382;
6382;
6382;
6387;
6388;
6388;
6390;
6392;
6392;
6396;
6397;
6400;
6400;
6401;
6403;
6404;
6405;
6405;
6407;
6408;
6408;
6409;
6411;
6412;
6413;
6416;
6417;
6419;
6420;
6421;
6421;
6422;
6422;
6423;
6424;
6425;
6425;
6425;
6425;
6426;
6428;
6429;
6430;
6430;
6431;
6435;
6436;
6436;
6438;
6441;
6444;
6444;
6447;
6450;
6452;
6453;
6456;
6457;
6457;
6459;
6459;
6462;
6463;
6463;
6464;
6464;
6464;
6464;
6464;
6465;
6466;
6467;
6470;
6472;
6472;
6473;
6474;
6474;
6476;
6477;
6478;
6479;
6479;
6479;
6479;
6480;
6482;
6482;
6484;
6484;
6485;
6485;
6486;
6486;
6487;
6489;
6489;
6490;
6491;
6492;
6496;
6496;
6498;
6499;
6500;
6500;
6501;
6501;
6502;
6502;
6504;
6506;
6507;
6508;
6508;
6509;
6510;
6512;
6512;
6512;
6513;
6513;
6514;
6514;
6516;
6516;
6516;
6517;
6518;
6519;
6519;
6520;
6522;
6523;
6523;
6525;
6527;
6527;
6528;
6529;
6529;
6530;
6532;
6534;
6537;
6538;
6538;
6538;
6539;
6539;
6541;
6542;
6542;
6546;
6548;
6549;
6550;
6550;
6550;
6551;
6551;
6553;
6557;
6557;
6557;
6557;
6560;
6560;
6561;
6562;
6563;
6563;
6564;
6565;
6565;
6567;
6567;
6568;
6568;
6570;
6571;
6574;
6574;
6574;
6576;
6576;
6577;
6577;
6577;
6578;
6578;
6579;
6580;
6582;
6582;
6582;
6584;
6586;
6586;
6586;
6587;
6587;
6590;
6590;
6592;
6594;
6594;
6594;
6595;
6596;
6598;
6599;
6599;
6600;
6601;
6603;
6605;
6605;
6606;
6607;
6607;
6608;
6610;
6611;
6611;
6613;
6613;
6616;
6616;
6617;
6618;
6619;
6620;
6621;
6622;
6622;
6625;
6626;
6632;
6633;
6635;
6635;
6636;
6636;
6637;
6637;
6638;
6638;
6639;
6639;
6642;
6642;
6642;
6643;
6644;
6644;
6645;
6647;
6647;
6647;
6648;
6648;
6649;
6651;
6651;
6652;
6653;
6655;
6656;
6656;
6657;
6658;
6659;
6660;
6661;
6661;
6662;
6662;
6663;
6664;
6665;
6667;
6667;
6670;
6670;
6671;
6672;
6673;
6676;
6676;
6677;
6678;
6680;
6680;
6680;
6681;
6681;
6681;
6684;
6685;
6685;
6685;
6687;
6688;
6689;
6689;
6690;
6692;
6692;
6693;
6696;
6696;
6696;
6697;
6701;
6702;
6705;
6710;
6710;
6710;
6711;
6712;
6713;
6714;
6715;
6716;
6716;
6719;
6721;
6722;
6723;
6723;
6724;
6724;
6724;
6725;
6727;
6728;
6728;
6730;
6735;
6736;
6737;
6737;
6738;
6739;
6740;
6741;
6744;
6745;
6746;
6747;
6748;
6748;
6749;
6749;
6750;
6752;
6752;
6753;
6753;
6753;
6754;
6754;
6756;
6759;
6761;
6766;
6766;
6767;
6767;
6768;
6770;
6770;
6770;
6770;
6773;
6773;
6776;
6779;
6779;
6779;
6780;
6782;
6784;
6785;
6785;
6787;
6787;
6789;
6789;
6791;
6791;
6792;
6793;
6794;
6796;
6796;
6799;
6802;
6802;
6802;
6804;
6804;
6804;
6805;
6805;
6806;
6806;
6810;
6810;
6812;
6813;
6813;
6814;
6816;
6816;
6817;
6817;
6818;
6818;
6818;
6819;
6820;
6820;
6822;
6823;
6824;
6826;
6827;
6828;
6828;
6829;
6831;
6831;
6833;
6833;
6833;
6834;
6834;
6835;
6835;
6837;
6837;
6837;
6837;
6838;
6841;
6844;
6845;
6846;
6846;
6847;
6848;
6849;
6850;
6852;
6857;
6859;
6861;
6862;
6863;
6865;
6869;
6869;
6870;
6873;
6874;
6875;
6875;
6876;
6877;
6878;
6882;
6883;
6883;
6884;
6885;
6886;
6886;
6887;
6887;
6887;
6888;
6889;
6890;
6891;
6893;
6893;
6895;
6896;
6896;
6897;
6897;
6898;
6898;
6898;
6899;
6901;
6902;
6903;
6903;
6906;
6909;
6910;
6910;
6910;
6910;
6912;
6913;
6914;
6915;
6915;
6915;
6916;
6918;
6919;
6919;
6919;
6920;
6920;
6924;
6925;
6925;
6927;
6928;
6928;
6929;
6930;
6930;
6933;
6934;
6935;
6936;
6938;
6939;
6941;
6943;
6944;
6944;
6945;
6946;
6947;
6948;
6949;
6949;
6950;
6952;
6956;
6959;
6960;
6964;
6966;
6967;
6967;
6968;
6968;
6969;
6970;
6971;
6973;
6973;
6973;
6975;
6976;
6976;
6976;
6976;
6977;
6979;
6979;
6980;
6981;
6981;
6981;
6983;
6985;
6985;
6988;
6988;
6989;
6989;
6991;
6993;
6995;
6997;
6998;
6999;
6999;
7000;
7001;
7003;
7004;
7006;
7007;
7008;
7009;
7009;
7009;
7010;
7010;
7010;
7012;
7012;
7013;
7018;
7018;
7020;
7021;
7022;
7024;
7024;
7025;
7026;
7026;
7027;
7027;
7028;
7028;
7030;
7030;
7032;
7033;
7033;
7034;
7035;
7036;
7037;
7038;
7040;
7041;
7042;
7042;
7043;
7043;
7043;
7043;
7043;
7044;
7044;
7045;
7046;
7048;
7049;
7049;
7053;
7054;
7057;
7057;
7060;
7060;
7061;
7067;
7067;
7068;
7068;
7068;
7069;
7071;
7072;
7072;
7074;
7078;
7079;
7082;
7084;
7084;
7085;
7085;
7085;
7090;
7090;
7091;
7094;
7094;
7094;
7095;
7096;
7098;
7099;
7101;
7102;
7103;
7104;
7105;
7106;
7106;
7106;
7109;
7110;
7111;
7112;
7112;
7113;
7115;
7115;
7116;
7117;
7117;
7117;
7118;
7119;
7119;
7120;
7120;
7120;
7120;
7120;
7121;
7123;
7123;
7125;
7125;
7126;
7126;
7127;
7128;
7130;
7131;
7131;
7132;
7134;
7134;
7134;
7134;
7135;
7136;
7136;
7137;
7138;
7138;
7140;
7140;
7142;
7142;
7142;
7143;
7144;
7148;
7148;
7149;
7150;
7151;
7151;
7153;
7154;
7154;
7154;
7156;
7160;
7160;
7160;
7160;
7161;
7163;
7163;
7164;
7164;
7166;
7166;
7167;
7167;
7168;
7169;
7171;
7171;
7173;
7174;
7175;
7176;
7176;
7177;
7177;
7178;
7178;
7179;
7179;
7180;
7181;
7182;
7182;
7182;
7183;
7184;
7185;
7187;
7190;
7191;
7191;
7191;
7192;
7196;
7197;
7201;
7202;
7204;
7209;
7211;
7212;
7213;
7214;
7214;
7215;
7215;
7216;
7217;
7219;
7220;
7221;
7224;
7224;
7224;
7226;
7226;
7228;
7228;
7229;
7231;
7231;
7231;
7232;
7233;
7233;
7233;
7234;
7234;
7235;
7238;
7239;
7240;
7240;
7243;
7243;
7244;
7244;
7244;
7245;
7246;
7247;
7250;
7251;
7251;
7252;
7252;
7253;
7253;
7256;
7256;
7259;
7261;
7262;
7262;
7264;
7264;
7265;
7265;
7267;
7267;
7268;
7269;
7271;
7272;
7273;
7273;
7274;
7276;
7277;
7277;
7279;
7279;
7279;
7280;
7281;
7281;
7282;
7283;
7283;
7283;
7285;
7285;
7286;
7286;
7287;
7288;
7288;
7289;
7290;
7293;
7293;
7294;
7294;
7295;
7295;
7298;
7300;
7300;
7300;
7300;
7301;
7301;
7302;
7304;
7304;
7305;
7305;
7306;
7307;
7307;
7308;
7310;
7311;
7311;
7312;
7312;
7313;
7316;
7318;
7318;
7322;
7323;
7323;
7324;
7325;
7325;
7326;
7326;
7326;
7327;
7327;
7327;
7328;
7328;
7329;
7330;
7330;
7330;
7332;
7334;
7334;
7335;
7335;
7338;
7341;
7342;
7344;
7345;
7345;
7346;
7346;
7347;
7347;
7347;
7349;
7350;
7350;
7351;
7352;
7354;
7354;
7355;
7356;
7356;
7356;
7357;
7359;
7360;
7363;
7366;
7368;
7368;
7368;
7369;
7370;
7370;
7370;
7371;
7371;
7372;
7372;
7373;
7374;
7375;
7377;
7377;
7379;
7381;
7383;
7384;
7385;
7386;
7386;
7388;
7388;
7388;
7390;
7390;
7392;
7392;
7393;
7395;
7397;
7397;
7398;
7399;
7399;
7399;
7400;
7401;
7401;
7401;
7401;
7404;
7405;
7405;
7405;
7406;
7406;
7406;
7408;
7408;
7410;
7410;
7411;
7411;
7411;
7411;
7415;
7415;
7417;
7417;
7417;
7419;
7419;
7419;
7420;
7421;
7421;
7422;
7423;
7424;
7424;
7424;
7425;
7426;
7427;
7428;
7431;
7433;
7436;
7437;
7438;
7438;
7439;
7439;
7440;
7440;
7441;
7441;
7441;
7442;
7442;
7442;
7443;
7443;
7445;
7445;
7446;
7446;
7446;
7450;
7451;
7454;
7455;
7458;
7458;
7459;
7459;
7459;
7460;
7460;
7461;
7463;
7464;
7467;
7468;
7468;
7468;
7469;
7471;
7474;
7474;
7475;
7476;
7477;
7478;
7482;
7482;
7482;
7487;
7487;
7494;
7494;
7495;
7497;
7498;
7500;
7500;
7502;
7503;
7505;
7507;
7508;
7509;
7510;
7510;
7512;
7515;
7515;
7515;
7516;
7516;
7516;
7517;
7518;
7519;
7519;
7520;
7520;
7522;
7523;
7523;
7524;
7524;
7524;
7524;
7525;
7526;
7529;
7530;
7530;
7530;
7531;
7533;
7536;
7537;
7537;
7537;
7538;
7540;
7542;
7543;
7543;
7544;
7544;
7545;
7546;
7550;
7551;
7551;
7551;
7552;
7556;
7556;
7556;
7557;
7557;
7559;
7562;
7563;
7565;
7565;
7568;
7569;
7570;
7570;
7570;
7570;
7571;
7571;
7573;
7574;
7574;
7574;
7575;
7575;
7576;
7578;
7578;
7578;
7579;
7580;
7581;
7581;
7582;
7582;
7583;
7584;
7584;
7588;
7594;
7594;
7598;
7598;
7599;
7599;
7601;
7602;
7602;
7603;
7604;
7605;
7606;
7608;
7609;
7609;
7610;
7611;
7612;
7612;
7615;
7619;
7620;
7622;
7622;
7624;
7624;
7624;
7625;
7626;
7627;
7627;
7630;
7631;
7632;
7633;
7634;
7635;
7637;
7637;
7637;
7637;
7639;
7640;
7640;
7641;
7642;
7642;
7643;
7644;
7646;
7647;
7647;
7649;
7649;
7649;
7651;
7653;
7653;
7653;
7656;
7656;
7657;
7659;
7662;
7663;
7665;
7666;
7667;
7667;
7667;
7668;
7670;
7670;
7670;
7670;
7671;
7672;
7672;
7673;
7673;
7673;
7674;
7674;
7677;
7678;
7679;
7679;
7680;
7681;
7681;
7681;
7683;
7684;
7686;
7688;
7688;
7690;
7690;
7691;
7692;
7694;
7695;
7695;
7696;
7696;
7697;
7697;
7698;
7699;
7704;
7704;
7705;
7705;
7707;
7710;
7711;
7712;
7713;
7713;
7713;
7714;
7714;
7715;
7715;
7715;
7716;
7716;
7717;
7717;
7717;
7717;
7719;
7720;
7721;
7722;
7723;
7724;
7725;
7725;
7727;
7727;
7727;
7728;
7728;
7728;
7730;
7731;
7732;
7733;
7734;
7734;
7734;
7735;
7737;
7737;
7739;
7743;
7743;
7744;
7744;
7745;
7747;
7748;
7748;
7750;
7750;
7751;
7752;
7753;
7756;
7756;
7758;
7759;
7759;
7761;
7762;
7763;
7764;
7769;
7769;
7769;
7771;
7773;
7773;
7773;
7774;
7775;
7776;
7776;
7776;
7776;
7776;
7779;
7779;
7780;
7780;
7782;
7783;
7786;
7786;
7786;
7788;
7788;
7789;
7789;
7790;
7791;
7791;
7791;
7793;
7794;
7795;
7796;
7798;
7798;
7799;
7800;
7800;
7801;
7801;
7802;
7804;
7805;
7807;
7807;
7807;
7809;
7809;
7818;
7818;
7820;
7820;
7821;
7822;
7824;
7825;
7826;
7827;
7828;
7829;
7830;
7831;
7831;
7833;
7833;
7834;
7837;
7838;
7840;
7840;
7840;
7841;
7841;
7841;
7844;
7845;
7849;
7849;
7850;
7851;
7853;
7854;
7855;
7855;
7856;
7859;
7860;
7862;
7864;
7864;
7865;
7865;
7866;
7866;
7867;
7868;
7868;
7869;
7874;
7875;
7876;
7880;
7881;
7883;
7885;
7886;
7889;
7889;
7890;
7891;
7891;
7894;
7895;
7897;
7897;
7898;
7898;
7899;
7901;
7902;
7903;
7903;
7904;
7905;
7906;
7906;
7908;
7908;
7908;
7909;
7910;
7910;
7911;
7911;
7912;
7912;
7912;
7913;
7914;
7915;
7917;
7918;
7918;
7918;
7920;
7921;
7922;
7923;
7923;
7923;
7924;
7926;
7926;
7930;
7934;
7935;
7937;
7939;
7942;
7943;
7944;
7945;
7947;
7947;
7948;
7948;
7948;
7950;
7951;
7952;
7952;
7952;
7954;
7955;
7956;
7957;
7957;
7958;
7958;
7959;
7959;
7960;
7960;
7960;
7961;
7961;
7964;
7964;
7964;
7967;
7967;
7968;
7971;
7971;
7973;
7973;
7975;
7975;
7977;
7977;
7981;
7982;
7982;
7985;
7986;
7987;
7987;
7988;
7990;
7991;
7993;
7993;
7993;
7994;
7997;
7997;
7999;
7999;
8001;
8002;
8005;
8005;
8005;
8006;
8006;
8007;
8007;
8008;
8008;
8009;
8010;
8011;
8012;
8012;
8013;
8013;
8014;
8015;
8015;
8016;
8017;
8017;
8018;
8018;
8018;
8018;
8018;
8018;
8019;
8023;
8026;
8027;
8027;
8031;
8031;
8032;
8033;
8034;
8036;
8036;
8039;
8039;
8043;
8044;
8045;
8045;
8045;
8046;
8048;
8049;
8050;
8050;
8050;
8051;
8052;
8054;
8054;
8056;
8056;
8058;
8058;
8060;
8060;
8064;
8067;
8067;
8070;
8071;
8071;
8072;
8075;
8078;
8078;
8078;
8078;
8080;
8081;
8081;
8081;
8082;
8083;
8085;
8086;
8087;
8087;
8088;
8089;
8089;
8090;
8090;
8091;
8092;
8094;
8095;
8095;
8095;
8097;
8098;
8098;
8099;
8099;
8100;
8101;
8103;
8103;
8105;
8105;
8106;
8106;
8108;
8109;
8110;
8110;
8112;
8112;
8115;
8117;
8118;
8119;
8121;
8122;
8122;
8122;
8124;
8124;
8125;
8127;
8129;
8131;
8131;
8133;
8136;
8136;
8138;
8139;
8141;
8141;
8143;
8143;
8145;
8145;
8145;
8146;
8147;
8148;
8149;
8153;
8153;
8154;
8154;
8155;
8157;
8158;
8158;
8161;
8162;
8163;
8164;
8166;
8166;
8167;
8168;
8171;
8171;
8172;
8173;
8174;
8176;
8178;
8179;
8180;
8181;
8182;
8182;
8182;
8182;
8184;
8185;
8186;
8188;
8188;
8189;
8190;
8190;
8191;
8191;
8192;
8194;
8197;
8199;
8200;
8200;
8201;
8201;
8202;
8204;
8207;
8207;
8210;
8210;
8210;
8210;
8211;
8213;
8214;
8215;
8215;
8217;
8219;
8221;
8221;
8223;
8224;
8225;
8226;
8227;
8228;
8229;
8230;
8231;
8231;
8234;
8235;
8235;
8237;
8238;
8239;
8239;
8239;
8243;
8244;
8245;
8246;
8247;
8249;
8249;
8249;
8253;
8254;
8256;
8257;
8259;
8260;
8260;
8263;
8266;
8266;
8267;
8269;
8271;
8272;
8273;
8275;
8275;
8275;
8276;
8276;
8276;
8277;
8278;
8278;
8278;
8278;
8279;
8280;
8285;
8285;
8286;
8286;
8287;
8289;
8291;
8291;
8293;
8295;
8295;
8297;
8298;
8299;
8301;
8302;
8302;
8302;
8302;
8304;
8304;
8305;
8306;
8307;
8307;
8307;
8308;
8311;
8317;
8317;
8318;
8319;
8321;
8322;
8323;
8325;
8328;
8328;
8328;
8332;
8332;
8336;
8338;
8338;
8339;
8339;
8340;
8340;
8342;
8343;
8343;
8343;
8343;
8344;
8344;
8349;
8351;
8352;
8352;
8352;
8353;
8354;
8359;
8360;
8361;
8361;
8362;
8362;
8362;
8363;
8363;
8363;
8365;
8365;
8366;
8367;
8369;
8370;
8371;
8371;
8371;
8373;
8373;
8374;
8374;
8374;
8374;
8375;
8377;
8378;
8379;
8380;
8381;
8382;
8382;
8384;
8385;
8386;
8387;
8387;
8389;
8391;
8393;
8394;
8395;
8396;
8396;
8398;
8398;
8399;
8400;
8400;
8401;
8401;
8402;
8405;
8406;
8406;
8407;
8408;
8408;
8411;
8413;
8414;
8414;
8414;
8416;
8416;
8416;
8417;
8419;
8419;
8420;
8420;
8422;
8422;
8422;
8422;
8425;
8426;
8427;
8427;
8427;
8428;
8431;
8431;
8432;
8433;
8434;
8434;
8434;
8436;
8436;
8437;
8437;
8437;
8439;
8439;
8439;
8440;
8440;
8440;
8440;
8441;
8442;
8443;
8444;
8444;
8444;
8449;
8449;
8450;
8452;
8452;
8454;
8454;
8455;
8455;
8456;
8457;
8458;
8458;
8459;
8459;
8459;
8460;
8461;
8462;
8463;
8464;
8464;
8467;
8468;
8468;
8469;
8470;
8470;
8470;
8471;
8472;
8474;
8476;
8476;
8477;
8478;
8479;
8479;
8480;
8481;
8481;
8481;
8481;
8484;
8485;
8487;
8488;
8490;
8491;
8495;
8495;
8496;
8496;
8497;
8498;
8498;
8499;
8499;
8501;
8501;
8502;
8503;
8506;
8508;
8508;
8510;
8510;
8510;
8511;
8512;
8512;
8513;
8514;
8515;
8518;
8519;
8521;
8522;
8523;
8523;
8524;
8524;
8524;
8525;
8526;
8527;
8530;
8530;
8531;
8532;
8532;
8533;
8533;
8533;
8535;
8536;
8537;
8539;
8540;
8540;
8542;
8543;
8544;
8544;
8546;
8548;
8548;
8549;
8549;
8550;
8551;
8553;
8554;
8554;
8554;
8556;
8556;
8557;
8557;
8558;
8558;
8558;
8559;
8561;
8561;
8562;
8562;
8563;
8564;
8565;
8566;
8566;
8567;
8568;
8570;
8573;
8574;
8576;
8576;
8576;
8578;
8579;
8579;
8580;
8580;
8580;
8584;
8585;
8586;
8586;
8587;
8588;
8589;
8590;
8591;
8591;
8592;
8593;
8593;
8593;
8594;
8595;
8596;
8598;
8600;
8601;
8601;
8602;
8603;
8603;
8603;
8603;
8604;
8606;
8608;
8608;
8609;
8611;
8611;
8612;
8616;
8616;
8617;
8617;
8618;
8618;
8620;
8620;
8623;
8624;
8626;
8627;
8628;
8629;
8630;
8630;
8633;
8635;
8637;
8637;
8637;
8638;
8638;
8639;
8641;
8642;
8643;
8645;
8645;
8646;
8646;
8648;
8651;
8651;
8652;
8652;
8652;
8653;
8654;
8654;
8655;
8656;
8659;
8660;
8662;
8663;
8664;
8665;
8665;
8668;
8668;
8669;
8670;
8671;
8672;
8673;
8674;
8674;
8675;
8676;
8677;
8679;
8681;
8682;
8682;
8683;
8683;
8683;
8683;
8683;
8683;
8684;
8684;
8685;
8685;
8688;
8689;
8692;
8692;
8695;
8696;
8697;
8698;
8698;
8698;
8699;
8700;
8700;
8701;
8705;
8705;
8706;
8707;
8707;
8709;
8710;
8711;
8713;
8714;
8714;
8716;
8716;
8716;
8717;
8721;
8721;
8722;
8723;
8724;
8724;
8725;
8726;
8727;
8727;
8729;
8731;
8732;
8732;
8733;
8734;
8739;
8739;
8740;
8741;
8742;
8743;
8744;
8747;
8747;
8748;
8749;
8749;
8750;
8752;
8752;
8752;
8754;
8756;
8758;
8759;
8760;
8767;
8768;
8772;
8775;
8775;
8779;
8780;
8781;
8782;
8783;
8784;
8784;
8785;
8785;
8787;
8789;
8789;
8790;
8792;
8793;
8795;
8797;
8799;
8799;
8802;
8802;
8803;
8803;
8806;
8806;
8811;
8811;
8811;
8812;
8812;
8814;
8815;
8816;
8817;
8821;
8822;
8822;
8829;
8829;
8830;
8832;
8832;
8832;
8833;
8833;
8833;
8834;
8836;
8836;
8837;
8838;
8838;
8838;
8839;
8840;
8840;
8840;
8841;
8843;
8843;
8843;
8844;
8845;
8847;
8847;
8849;
8849;
8849;
8850;
8852;
8852;
8853;
8855;
8856;
8858;
8858;
8858;
8859;
8861;
8863;
8864;
8865;
8866;
8867;
8867;
8869;
8869;
8871;
8874;
8877;
8877;
8877;
8879;
8880;
8880;
8882;
8882;
8883;
8884;
8884;
8887;
8888;
8889;
8890;
8893;
8894;
8894;
8895;
8896;
8896;
8896;
8896;
8897;
8897;
8898;
8899;
8899;
8899;
8900;
8900;
8900;
8901;
8901;
8902;
8903;
8904;
8908;
8908;
8912;
8915;
8915;
8916;
8918;
8920;
8921;
8922;
8922;
8924;
8924;
8926;
8927;
8928;
8929;
8929;
8930;
8931;
8931;
8931;
8932;
8932;
8932;
8933;
8933;
8935;
8936;
8938;
8940;
8940;
8941;
8942;
8942;
8947;
8947;
8951;
8954;
8955;
8955;
8955;
8956;
8958;
8959;
8960;
8960;
8963;
8965;
8965;
8966;
8967;
8967;
8968;
8968;
8968;
8969;
8970;
8971;
8972;
8972;
8974;
8974;
8975;
8975;
8975;
8975;
8977;
8978;
8978;
8978;
8981;
8981;
8982;
8983;
8985;
8986;
8986;
8986;
8988;
8989;
8992;
8993;
8996;
8997;
9000;
9000;
9001;
9004;
9004;
9005;
9005;
9007;
9007;
9008;
9008;
9008;
9009;
9010;
9011;
9012;
9012;
9012;
9013;
9013;
9014;
9015;
9015;
9016;
9017;
9018;
9018;
9019;
9020;
9023;
9024;
9025;
9026;
9027;
9027;
9027;
9028;
9029;
9030;
9033;
9033;
9034;
9035;
9035;
9036;
9036;
9036;
9037;
9037;
9038;
9039;
9039;
9043;
9044;
9045;
9045;
9046;
9046;
9047;
9048;
9049;
9050;
9050;
9050;
9050;
9052;
9053;
9054;
9054;
9054;
9054;
9055;
9057;
9062;
9062;
9064;
9064;
9066;
9067;
9069;
9069;
9069;
9070;
9071;
9072;
9073;
9073;
9074;
9074;
9075;
9075;
9076;
9076;
9080;
9081;
9082;
9085;
9088;
9088;
9088;
9089;
9091;
9091;
9091;
9092;
9092;
9092;
9093;
9094;
9095;
9104;
9104;
9104;
9105;
9105;
9108;
9110;
9113;
9114;
9117;
9118;
9118;
9119;
9119;
9123;
9125;
9125;
9127;
9128;
9129;
9129;
9130;
9133;
9133;
9134;
9135;
9136;
9136;
9136;
9138;
9138;
9139;
9139;
9142;
9143;
9143;
9143;
9145;
9146;
9147;
9147;
9147;
9147;
9148;
9148;
9148;
9151;
9151;
9152;
9152;
9153;
9154;
9154;
9155;
9155;
9157;
9159;
9160;
9161;
9161;
9163;
9163;
9163;
9164;
9165;
9166;
9166;
9168;
9168;
9169;
9170;
9171;
9171;
9172;
9172;
9173;
9175;
9176;
9176;
9177;
9177;
9177;
9180;
9180;
9180;
9180;
9181;
9182;
9182;
9184;
9185;
9187;
9187;
9188;
9189;
9189;
9190;
9193;
9194;
9194;
9196;
9197;
9198;
9202;
9202;
9203;
9203;
9204;
9205;
9207;
9208;
9208;
9209;
9209;
9211;
9211;
9212;
9212;
9213;
9213;
9213;
9213;
9214;
9215;
9215;
9216;
9216;
9218;
9219;
9219;
9219;
9221;
9221;
9221;
9222;
9222;
9223;
9223;
9224;
9225;
9225;
9228;
9228;
9229;
9229;
9230;
9230;
9232;
9234;
9235;
9236;
9237;
9238;
9240;
9240;
9242;
9242;
9242;
9242;
9242;
9244;
9245;
9245;
9246;
9246;
9252;
9252;
9254;
9255;
9255;
9256;
9256;
9257;
9258;
9259;
9259;
9259;
9259;
9259;
9260;
9260;
9262;
9263;
9263;
9264;
9266;
9266;
9268;
9269;
9270;
9270;
9271;
9272;
9272;
9273;
9273;
9273;
9275;
9275;
9277;
9280;
9280;
9281;
9281;
9282;
9284;
9285;
9285;
9286;
9287;
9287;
9289;
9292;
9294;
9294;
9298;
9299;
9300;
9301;
9301;
9302;
9302;
9304;
9304;
9304;
9307;
9308;
9311;
9312;
9316;
9317;
9319;
9319;
9319;
9319;
9321;
9323;
9323;
9323;
9325;
9325;
9329;
9329;
9330;
9333;
9333;
9334;
9334;
9335;
9340;
9340;
9340;
9341;
9342;
9342;
9345;
9345;
9348;
9349;
9349;
9350;
9350;
9350;
9351;
9352;
9354;
9356;
9356;
9356;
9358;
9360;
9360;
9361;
9361;
9362;
9364;
9365;
9366;
9372;
9374;
9374;
9376;
9377;
9379;
9380;
9381;
9382;
9382;
9386;
9390;
9390;
9391;
9392;
9392;
9393;
9395;
9395;
9396;
9397;
9397;
9398;
9398;
9400;
9400;
9400;
9400;
9400;
9401;
9402;
9402;
9402;
9403;
9403;
9403;
9404;
9405;
9405;
9406;
9409;
9410;
9410;
9410;
9410;
9411;
9412;
9412;
9413;
9413;
9415;
9417;
9418;
9418;
9423;
9424;
9426;
9426;
9426;
9426;
9427;
9428;
9428;
9429;
9429;
9431;
9431;
9431;
9431;
9433;
9434;
9435;
9437;
9437;
9438;
9439;
9440;
9442;
9442;
9443;
9447;
9450;
9450;
9451;
9454;
9456;
9457;
9457;
9458;
9461;
9464;
9464;
9466;
9467;
9468;
9468;
9470;
9471;
9472;
9472;
9472;
9473;
9475;
9476;
9477;
9477;
9481;
9482;
9484;
9484;
9486;
9486;
9487;
9488;
9491;
9491;
9492;
9492;
9494;
9495;
9496;
9501;
9502;
9502;
9504;
9506;
9507;
9512;
9512;
9514;
9515;
9515;
9516;
9516;
9517;
9518;
9519;
9519;
9520;
9520;
9524;
9527;
9527;
9528;
9529;
9532;
9533;
9534;
9535;
9535;
9536;
9536;
9538;
9538;
9539;
9542;
9543;
9543;
9544;
9546;
9546;
9547;
9547;
9548;
9551;
9552;
9553;
9554;
9554;
9555;
9556;
9558;
9559;
9561;
9562;
9562;
9562;
9562;
9563;
9563;
9563;
9564;
9566;
9571;
9572;
9573;
9574;
9576;
9576;
9576;
9579;
9580;
9581;
9582;
9582;
9584;
9584;
9585;
9588;
9588;
9589;
9591;
9592;
9594;
9594;
9595;
9596;
9596;
9598;
9599;
9603;
9603;
9603;
9605;
9605;
9605;
9605;
9605;
9606;
9608;
9609;
9609;
9610;
9611;
9612;
9612;
9613;
9613;
9613;
9614;
9615;
9616;
9617;
9620;
9622;
9622;
9623;
9623;
9626;
9626;
9627;
9627;
9630;
9630;
9631;
9635;
9637;
9638;
9639;
9640;
9640;
9641;
9643;
9643;
9644;
9645;
9645;
9645;
9646;
9646;
9647;
9649;
9652;
9652;
9653;
9653;
9654;
9655;
9656;
9662;
9662;
9663;
9664;
9664;
9665;
9666;
9667;
9669;
9669;
9669;
9671;
9674;
9674;
9675;
9675;
9676;
9676;
9677;
9677;
9677;
9677;
9677;
9678;
9678;
9681;
9682;
9682;
9684;
9684;
9685;
9685;
9685;
9685;
9685;
9686;
9687;
9687;
9688;
9688;
9689;
9690;
9692;
9694;
9695;
9695;
9696;
9696;
9700;
9701;
9702;
9704;
9704;
9704;
9704;
9705;
9706;
9706;
9710;
9711;
9711;
9712;
9712;
9713;
9713;
9713;
9716;
9717;
9719;
9720;
9721;
9721;
9721;
9722;
9722;
9724;
9724;
9725;
9726;
9727;
9731;
9733;
9735;
9736;
9736;
9736;
9737;
9737;
9738;
9738;
9738;
9741;
9742;
9742;
9743;
9744;
9746;
9747;
9748;
9749;
9749;
9753;
9753;
9753;
9753;
9755;
9757;
9758;
9759;
9759;
9759;
9760;
9760;
9762;
9762;
9763;
9763;
9765;
9766;
9766;
9767;
9767;
9767;
9767;
9768;
9769;
9770;
9770;
9770;
9770;
9774;
9776;
9776;
9776;
9777;
9777;
9778;
9779;
9779;
9781;
9781;
9781;
9782;
9782;
9783;
9784;
9785;
9786;
9786;
9786;
9786;
9787;
9787;
9788;
9789;
9789;
9790;
9790;
9791;
9792;
9792;
9792;
9794;
9794;
9795;
9795;
9796;
9796;
9796;
9796;
9796;
9797;
9798;
9801;
9802;
9802;
9803;
9804;
9806;
9809;
9809;
9812;
9813;
9813;
9815;
9815;
9815;
9815;
9818;
9820;
9822;
9824;
9826;
9829;
9829;
9831;
9832;
9833;
9835;
9836;
9838;
9840;
9841;
9841;
9842;
9844;
9845;
9846;
9847;
9848;
9848;
9848;
9849;
9849;
9849;
9849;
9850;
9851;
9851;
9853;
9853;
9853;
9856;
9856;
9857;
9859;
9862;
9862;
9863;
9863;
9864;
9867;
9867;
9869;
9870;
9870;
9871;
9873;
9874;
9875;
9876;
9877;
9878;
9878;
9878;
9880;
9880;
9881;
9881;
9882;
9882;
9884;
9884;
9886;
9888;
9890;
9892;
9895;
9897;
9899;
9900;
9900;
9900;
9901;
9901;
9904;
9904;
9905;
9905;
9905;
9906;
9907;
9908;
9909;
9912;
9914;
9915;
9916;
9916;
9918;
9918;
9918;
9918;
9919;
9919;
9919;
9920;
9920;
9921;
9921;
9923;
9923;
9925;
9925;
9926;
9926;
9927;
9927;
9927;
9930;
9934;
9934;
9935;
9935;
9935;
9939;
9939;
9942;
9944;
9946;
9946;
9952;
9954;
9956;
9957;
9961;
9961;
9962;
9962;
9962;
9962;
9962;
9962;
9964;
9964;
9965;
9967;
9968;
9969;
9969;
9970;
9971;
9973;
9974;
9976;
9977;
9978;
9978;
9980;
9982;
9982;
9983;
9986;
9987;
9990;
9991;
9992;
9992;
9995;
9996;
9997;
9998;
9999;
9999;
9999;
